KNN Classifier Accuracy: 0.9811842833425567
SVM Classifier Accuracy: 0.9955727725511898
KNN Classifier Metrics:
              precision    recall  f1-score   support

         A#1       0.97      0.97      0.97        79
         A#2       0.98      1.00      0.99        96
          A1       0.99      0.97      0.98        79
          A2       0.98      0.97      0.98       111
          B1       0.99      1.00      0.99        92
         Ba1       0.97      0.95      0.96        65
         C#1       0.98      0.99      0.98        80
          C1       1.00      0.99      0.99        88
         D#1       0.98      0.96      0.97        50
        D#a1       0.96      1.00      0.98        50
          D1       0.95      0.99      0.97        81
          E1       0.99      0.94      0.96        77
          E2       0.98      0.98      0.98        63
         F#1       1.00      1.00      1.00        56
         F#2       0.99      1.00      0.99        87
        F#a2       0.99      1.00      0.99        73
          F1       0.97      0.99      0.98        96
          F2       0.99      0.98      0.99       102
         G#1       0.99      0.99      0.99        99
         G#2       0.99      0.95      0.97       130
          G1       0.97      0.96      0.96        70
          G2       0.97      1.00      0.98        83

    accuracy                           0.98      1807
   macro avg       0.98      0.98      0.98      1807
weighted avg       0.98      0.98      0.98      1807

SVM Classifier Metrics:
              precision    recall  f1-score   support

         A#1       1.00      1.00      1.00        79
         A#2       1.00      1.00      1.00        96
          A1       1.00      1.00      1.00        79
          A2       0.99      0.98      0.99       111
          B1       1.00      1.00      1.00        92
         Ba1       1.00      0.97      0.98        65
         C#1       0.99      1.00      0.99        80
          C1       1.00      0.99      0.99        88
         D#1       1.00      1.00      1.00        50
        D#a1       0.98      1.00      0.99        50
          D1       1.00      1.00      1.00        81
          E1       1.00      1.00      1.00        77
          E2       1.00      1.00      1.00        63
         F#1       1.00      1.00      1.00        56
         F#2       0.98      1.00      0.99        87
        F#a2       1.00      1.00      1.00        73
          F1       0.98      1.00      0.99        96
          F2       0.99      1.00      1.00       102
         G#1       1.00      0.99      0.99        99
         G#2       1.00      0.99      1.00       130
          G1       1.00      0.99      0.99        70
          G2       1.00      1.00      1.00        83

    accuracy                           1.00      1807
   macro avg       1.00      1.00      1.00      1807
weighted avg       1.00      1.00      1.00      1807