KNN Classifier Accuracy: 0.9400611620795107
SVM Classifier Accuracy: 0.9883792048929664
KNN Classifier Metrics:
              precision    recall  f1-score   support

         A#1       0.89      0.94      0.92        72
         A#2       0.98      0.94      0.96        48
          A1       0.92      0.97      0.94       118
          A2       0.97      0.95      0.96        60
          B1       0.92      0.79      0.85        57
         Ba1       0.93      0.95      0.94        83
         C#1       0.93      0.96      0.95       102
          C1       0.95      0.98      0.96        81
         D#1       0.93      0.94      0.94        71
        D#a1       0.93      0.82      0.88        51
          D1       0.93      0.95      0.94        83
          E1       0.98      0.94      0.96        68
          E2       0.98      0.98      0.98        48
         F#1       0.99      0.98      0.98       100
         F#2       0.86      0.94      0.90        66
        F#a2       1.00      0.95      0.97        57
          F1       0.94      0.95      0.94        99
          F2       0.92      0.92      0.92        65
         G#1       0.95      0.99      0.97       113
         G#2       0.99      1.00      0.99        66
          G1       0.87      0.82      0.85        74
          G2       0.96      0.87      0.91        53

    accuracy                           0.94      1635
   macro avg       0.94      0.93      0.94      1635
weighted avg       0.94      0.94      0.94      1635

SVM Classifier Metrics:
              precision    recall  f1-score   support

         A#1       0.97      0.99      0.98        72
         A#2       1.00      1.00      1.00        48
          A1       0.96      0.99      0.97       118
          A2       1.00      0.93      0.97        60
          B1       1.00      0.98      0.99        57
         Ba1       0.98      0.98      0.98        83
         C#1       1.00      0.98      0.99       102
          C1       0.99      1.00      0.99        81
         D#1       1.00      1.00      1.00        71
        D#a1       1.00      0.96      0.98        51
          D1       1.00      1.00      1.00        83
          E1       1.00      1.00      1.00        68
          E2       1.00      1.00      1.00        48
         F#1       1.00      1.00      1.00       100
         F#2       0.98      0.98      0.98        66
        F#a2       1.00      1.00      1.00        57
          F1       1.00      1.00      1.00        99
          F2       0.97      0.97      0.97        65
         G#1       1.00      1.00      1.00       113
         G#2       1.00      1.00      1.00        66
          G1       0.99      0.99      0.99        74
          G2       0.91      0.96      0.94        53

    accuracy                           0.99      1635
   macro avg       0.99      0.99      0.99      1635
weighted avg       0.99      0.99      0.99      1635