KNN Classifier Accuracy: 0.9297435897435897
SVM Classifier Accuracy: 0.9784615384615385
KNN Classifier Metrics:
              precision    recall  f1-score   support

         A#1       0.86      0.91      0.89        93
         A#2       0.96      0.92      0.94        86
          A1       0.92      0.93      0.93        73
          A2       0.98      0.95      0.96       116
          B1       0.91      0.95      0.93       101
         Ba1       0.92      0.85      0.89        82
         C#1       0.90      0.93      0.92       104
          C1       0.92      0.98      0.95       130
         D#1       0.86      0.92      0.89        65
        D#a1       0.94      0.88      0.91       116
          D1       0.91      0.90      0.90       107
          E1       0.93      0.89      0.91        71
          E2       0.86      0.93      0.90       102
         F#1       0.99      0.94      0.96        70
         F#2       0.97      0.97      0.97       119
          F1       0.92      0.90      0.91        91
          F2       0.96      0.99      0.97        96
         G#1       0.95      1.00      0.97        74
         G#2       0.97      0.97      0.97       103
          G1       0.97      0.81      0.88        74
          G2       0.96      0.95      0.95        77

    accuracy                           0.93      1950
   macro avg       0.93      0.93      0.93      1950
weighted avg       0.93      0.93      0.93      1950

SVM Classifier Metrics:
              precision    recall  f1-score   support

         A#1       0.98      0.98      0.98        93
         A#2       0.99      1.00      0.99        86
          A1       0.97      0.96      0.97        73
          A2       1.00      1.00      1.00       116
          B1       0.98      1.00      0.99       101
         Ba1       0.83      0.98      0.90        82
         C#1       0.96      0.98      0.97       104
          C1       0.98      1.00      0.99       130
         D#1       1.00      0.94      0.97        65
        D#a1       0.97      0.97      0.97       116
          D1       0.99      0.96      0.98       107
          E1       0.95      1.00      0.97        71
          E2       0.99      0.96      0.98       102
         F#1       1.00      0.97      0.99        70
         F#2       1.00      1.00      1.00       119
          F1       0.99      0.92      0.95        91
          F2       1.00      0.98      0.99        96
         G#1       1.00      0.99      0.99        74
         G#2       1.00      1.00      1.00       103
          G1       0.99      0.93      0.96        74
          G2       1.00      0.99      0.99        77

    accuracy                           0.98      1950
   macro avg       0.98      0.98      0.98      1950
weighted avg       0.98      0.98      0.98      1950