KNN Classifier Accuracy: 0.938972361342979
SVM Classifier Accuracy: 0.9608606937488406
KNN Classifier Metrics:
              precision    recall  f1-score   support

         A#1       0.94      0.95      0.94       257
         A#2       0.94      0.93      0.93       231
          A1       0.88      0.95      0.91       239
          A2       0.96      0.96      0.96       276
          B1       0.92      0.90      0.91       233
         Ba1       0.91      0.95      0.93       241
         C#1       0.94      0.94      0.94       307
          C1       0.92      0.96      0.94       322
         D#1       0.93      0.95      0.94       223
        D#a1       0.92      0.88      0.90       203
          D1       0.95      0.96      0.95       273
          E1       0.95      0.93      0.94       211
          E2       0.92      0.90      0.91       218
         F#1       0.99      0.97      0.98       206
         F#2       0.96      0.94      0.95       302
        F#a2       0.99      0.99      0.99       151
          F1       0.95      0.96      0.96       263
          F2       0.96      0.89      0.92       262
         G#1       0.93      0.96      0.95       264
         G#2       0.98      0.99      0.98       269
          G1       0.94      0.86      0.90       225
          G2       0.92      0.93      0.93       215

    accuracy                           0.94      5391
   macro avg       0.94      0.94      0.94      5391
weighted avg       0.94      0.94      0.94      5391

SVM Classifier Metrics:
              precision    recall  f1-score   support

         A#1       0.95      0.94      0.95       257
         A#2       0.95      0.97      0.96       231
          A1       0.94      0.92      0.93       239
          A2       0.98      0.96      0.97       276
          B1       0.95      0.91      0.93       233
         Ba1       0.90      0.93      0.91       241
         C#1       0.99      0.98      0.98       307
          C1       0.98      1.00      0.99       322
         D#1       0.99      0.97      0.98       223
        D#a1       0.97      0.98      0.97       203
          D1       0.96      0.97      0.97       273
          E1       0.94      0.95      0.95       211
          E2       0.96      0.94      0.95       218
         F#1       0.94      0.99      0.96       206
         F#2       0.97      0.99      0.98       302
        F#a2       0.99      0.99      0.99       151
          F1       0.96      0.94      0.95       263
          F2       0.95      0.93      0.94       262
         G#1       0.99      0.99      0.99       264
         G#2       0.99      1.00      1.00       269
          G1       0.93      0.91      0.92       225
          G2       0.94      0.96      0.95       215

    accuracy                           0.96      5391
   macro avg       0.96      0.96      0.96      5391
weighted avg       0.96      0.96      0.96      5391